0.811973 0.739669
0.909784 0.683294
1.136384 -0.058101
1.110400 0.071878
1.000879 -0.120843
1.224676 0.245365
1.025009 -0.146242
1.214311 0.313720
1.092853 0.584563
1.188137 0.074995
1.096730 0.499368
1.239539 0.572503
1.022570 -0.212667
1.162192 0.450105
1.156570 0.099783
1.189258 0.257855
1.185425 0.114347
1.084121 0.614949
1.237935 0.286629
1.116844 0.021577
1.153035 0.527364
0.993160 0.688355
1.250410 0.073922
1.137326 0.018437
1.193355 0.285279
0.828961 0.787480
0.718863 0.781745
1.128194 0.685812
0.826460 0.787545
0.952776 0.714527
1.210100 0.226017
1.111553 -0.102556
1.096522 0.683882
1.172967 0.490365
1.229803 0.250933
1.233799 0.017122
1.280417 0.269444
1.214758 0.321119
1.150968 0.063063
1.180091 0.154343
1.220234 0.338573
0.964771 0.740765
1.170789 0.370301
1.119007 0.087433
1.196821 0.135753
1.225749 0.350482
1.151495 0.012745
1.138542 0.061232
1.161353 0.430107
1.008205 -0.079769
1.166678 0.386563
1.220990 0.189691
1.156465 0.645069
1.042093 0.656137
1.164024 0.671908
1.181093 0.699975
1.209941 0.277975
1.186673 0.623468
1.202747 0.153262
1.178507 0.436437
1.255966 0.180647
1.258122 0.329323
1.067765 -0.148726
1.252369 0.100399
0.761850 0.795530
1.135628 0.065758
1.093437 0.633725
1.118200 0.580386
1.075437 0.729107
1.227879 0.440685
1.153552 0.548415
0.988730 -0.114419
0.931619 -0.055579
1.127946 0.001873
1.111503 0.031616
0.959327 -0.002172
1.022085 -0.049203
1.179309 0.505960
1.076401 0.019723
0.731889 0.742905
1.084265 0.620557
1.149591 0.478162
1.139555 0.706643
1.133167 0.131895
0.855609 0.756977
0.882958 0.738346
1.039798 0.693172
1.221126 0.375710
0.994041 0.733450
1.068054 0.676462
1.107822 0.674957
0.821860 0.758082
1.059963 0.567747
1.154521 0.230269
1.321974 0.445581
1.182078 0.042779
1.108784 0.070603
1.098226 0.661188
1.046433 0.684304
0.677004 0.819005
0.974375 0.800291
1.103136 0.476151
1.003836 -0.102851
1.178061 0.371264
0.824543 0.795204
0.955885 0.771544
1.180584 0.385001
1.238888 0.306986
1.193152 0.046790
1.114733 0.001799
0.982769 -0.025637
0.757847 0.784030
1.132826 0.587766
1.107891 -0.080680
1.206620 0.289994
0.973511 -0.065910
1.201342 -0.004404
1.058043 0.659158
1.089799 0.590497
1.195547 0.424794
1.173965 0.113544
1.146728 0.615889
0.769086 0.763064
1.216154 0.378933
1.003901 -0.075979
0.952107 -0.102951
1.041786 -0.094020
0.693821 0.826336
1.234965 0.386924
0.930348 0.706632
1.072245 -0.073234
1.214001 0.064786
1.064836 0.606697
0.903140 0.769723
1.207553 0.227490
1.054019 -0.129571
1.000893 0.827517
1.164664 0.133168
1.071431 0.682719
1.020157 -0.007555
1.104628 0.648380
0.900915 0.759885
1.080465 0.679912
1.217274 0.163625
1.017707 0.689915
1.127813 -0.086767
1.243524 0.185626
1.264831 0.320841
0.886513 0.724642
1.099007 -0.054865
0.871359 0.823705
0.932071 0.687406
0.785558 0.791538
1.193571 0.155038
1.179876 0.060746
1.158556 0.144271
0.989296 0.726356
0.761743 0.791272
1.114518 0.596716
1.191337 0.465063
1.194699 0.083006
0.978691 0.808656
0.909579 0.754712
1.066367 -0.116348
1.100709 0.027530
