0.417094 0.695504
0.448413 0.629681
0.478010 0.553805
0.385613 0.795684
0.482729 0.559225
0.458131 0.562201
0.345312 0.831279
0.402593 0.783057
0.422379 0.492465
0.422950 0.753318
0.428677 0.505710
0.245912 0.858152
0.307313 0.952088
0.457608 0.728228
0.255968 0.943419
0.458633 0.433878
0.410001 0.699964
0.455820 0.432647
0.461774 0.685652
0.486640 0.436341
0.426315 0.488979
0.369209 0.776457
0.463903 0.558837
0.455792 0.464517
0.550484 0.555956
0.486153 0.591666
0.434718 0.736284
0.452571 0.505097
0.367888 0.822805
0.409240 0.754966
0.444027 0.751568
0.436624 0.673184
0.292511 0.920781
0.354974 0.786081
0.465571 0.508183
0.349243 0.879294
0.135121 0.948498
0.390143 0.780723
0.216106 0.955162
0.476468 0.621652
0.366874 0.776089
0.434371 0.723875
0.454213 0.674079
0.299344 0.915568
0.381109 0.762741
0.127247 0.968509
0.394091 0.741325
0.430843 0.440794
0.438195 0.653522
0.250036 0.911542
0.435719 0.722661
0.435988 0.377912
0.462479 0.529161
0.467593 0.432827
0.162308 0.989756
0.163972 0.986483
0.274532 0.895471
0.354893 0.797089
0.237338 0.934051
0.421094 0.498146
0.430454 0.548598
0.406627 0.750897
0.448324 0.651817
0.424582 0.417647
0.157597 0.960689
0.427935 0.712696
0.416631 0.747615
0.404596 0.616692
0.469066 0.564776
0.453815 0.703424
0.252116 0.937207
0.289819 0.862426
0.437516 0.634223
0.429311 0.366089
0.268329 0.877403
0.424567 0.560262
0.362246 0.780896
0.419597 0.387532
0.371239 0.871775
0.462164 0.654631
0.450251 0.706172
0.396564 0.688023
0.452626 0.632610
0.399059 0.739372
0.128643 0.992625
0.473853 0.442269
0.499411 0.584473
0.424655 0.413011
0.281367 0.871158
0.347084 0.830769
0.479907 0.546730
0.416243 0.668688
0.361513 0.830166
0.331719 0.850830
0.476329 0.487017
0.234675 0.905280
0.248979 0.911103
0.436394 0.451900
0.220325 0.921519
0.308486 0.855099
0.263321 0.977941
0.403680 0.728506
0.474155 0.550444
0.222407 0.955165
0.367213 0.831553
0.468839 0.593048
0.477002 0.565684
0.219614 0.942498
0.456568 0.689870
0.415236 0.767647
0.365180 0.812304
0.267707 0.929565
0.402401 0.829100
0.472816 0.551143
0.383229 0.812046
0.407084 0.735098
0.435262 0.779868
0.360577 0.838982
0.430705 0.563947
0.429889 0.570921
0.478295 0.429261
0.456658 0.565920
0.437743 0.383221
0.384815 0.855188
0.454142 0.568750
0.471970 0.509739
0.473429 0.441861
0.477805 0.593043
0.456856 0.524274
0.475158 0.642152
