1.253911 0.620272
1.248282 0.690882
1.264691 0.622266
1.241699 0.745910
1.218908 0.779448
1.261501 0.613728
1.266525 0.735280
1.249975 0.660609
1.245319 0.658268
1.234773 0.779932
1.246739 0.509543
1.253109 0.515638
1.260523 0.492621
1.232823 0.734875
1.242258 0.739997
1.248287 0.750073
1.219818 0.787146
1.236476 0.715667
1.269710 0.633865
1.254495 0.726610
1.262741 0.524806
1.245065 0.689192
1.249170 0.531779
1.229695 0.770462
1.255034 0.636784
1.254257 0.597937
1.264734 0.559278
1.237217 0.722478
1.252956 0.643009
1.245507 0.664745
1.250264 0.491438
1.259595 0.675261
1.261983 0.682337
1.273944 0.688226
1.230533 0.767962
1.261745 0.701116
1.265660 0.587030
1.259449 0.617477
1.253777 0.699110
1.260681 0.516396
1.259742 0.686959
1.244442 0.688573
1.258032 0.560702
1.275395 0.533225
1.251530 0.585181
1.256024 0.606591
1.243285 0.663480
1.261010 0.626411
1.224365 0.780403
1.242169 0.521460
1.253402 0.560584
1.246693 0.549864
1.266562 0.668993
1.262807 0.575877
1.253693 0.629045
1.257761 0.564765
1.254015 0.527722
1.265009 0.537620
1.246261 0.675198
1.260553 0.531265
1.259067 0.550564
1.266111 0.609926
1.237349 0.723307
1.240574 0.529661
1.232069 0.735787
1.249148 0.523580
1.213816 0.780821
1.263797 0.633973
1.227982 0.780107
1.259007 0.648821
1.266096 0.715384
1.245989 0.504120
1.263849 0.577611
1.237599 0.549080
1.258732 0.591448
1.249232 0.544040
1.262398 0.594270
1.250752 0.627813
1.258943 0.526132
1.246115 0.694275
1.276976 0.652621
1.258100 0.583442
1.258944 0.654292
1.250775 0.526643
1.245142 0.679087
1.234013 0.760066
1.265721 0.585102
1.241193 0.679458
1.261830 0.533038
1.249157 0.714779
1.249780 0.574181
1.254096 0.550260
1.255822 0.665184
1.250140 0.501083
1.236828 0.730551
1.252220 0.489793
1.242233 0.691507
1.257981 0.594576
1.243100 0.719043
1.238593 0.764817
1.265755 0.558296
1.233322 0.669963
1.240661 0.673240
1.250700 0.678021
1.267809 0.557151
1.226932 0.761965
1.255688 0.624437
1.238634 0.743986
1.256287 0.703555
1.253038 0.570363
1.256113 0.727316
1.254297 0.607469
1.223015 0.748270
1.252183 0.671578
1.245159 0.752656
1.259735 0.701462
1.249688 0.709347
1.256936 0.639332
1.230294 0.763647
1.256368 0.675749
1.267148 0.617875
1.255896 0.677798
1.256247 0.488040
1.257947 0.591821
1.238356 0.692502
1.239930 0.571829
1.255347 0.662401
1.251144 0.608643
1.270298 0.536937
1.264674 0.581223
1.253662 0.648744
1.253488 0.662311
1.264098 0.674098
1.266314 0.694542
1.248329 0.677033
1.266418 0.625386
1.222401 0.759906
1.267185 0.604032
1.258059 0.616526
1.225596 0.762487
1.242028 0.729128
1.266133 0.707753
1.257768 0.526480
1.249175 0.778270
1.258557 0.709850
1.210267 0.786463
1.255261 0.540400
1.248381 0.724849
1.251856 0.545744
1.251030 0.663781
1.263061 0.534525
1.233217 0.745821
1.251824 0.731534
1.263768 0.663291
1.256480 0.605032
1.252405 0.517915
1.258991 0.698904
1.263446 0.620344
1.243171 0.706055
1.231072 0.755444
1.234859 0.781349
1.244063 0.762933
1.246122 0.480372
1.261811 0.600847
