1.067131 1.451162
1.251615 0.889316
0.764832 1.661179
1.182618 0.634258
1.257762 0.942876
1.246519 1.151820
0.995696 1.528359
1.247806 0.863802
0.906290 1.607376
0.764490 1.650177
1.235945 0.830551
1.142959 1.356937
1.184758 0.638116
1.245822 1.106578
1.206231 0.678044
0.798539 1.646245
1.231442 1.172735
0.803326 1.648804
0.991002 1.521682
0.899706 1.603004
1.246983 0.832084
1.222327 0.705442
1.147551 1.366616
1.254749 0.820339
1.027638 1.504897
1.236621 1.134751
1.213330 1.276047
0.800518 1.657457
1.204629 1.275848
1.251738 0.754276
1.257191 0.817012
1.180402 1.305301
1.202069 1.286872
1.130123 1.396177
1.244545 1.143332
1.115625 1.413702
1.257965 1.132982
1.141285 1.381556
1.002331 1.527594
1.260350 0.832828
1.247773 1.092203
1.214528 1.241053
1.103127 1.449941
1.266502 0.957240
1.182414 1.317187
1.128071 1.391323
0.859475 1.610685
1.254619 1.069653
1.128622 1.404290
1.237125 0.865588
1.200462 1.249694
1.244221 0.844417
0.845548 1.640539
1.223001 1.161723
0.938135 1.578684
1.238731 1.149547
0.869296 1.623089
1.240833 1.127383
1.256904 1.039055
1.158963 1.329893
0.929471 1.575956
0.903358 1.592684
1.157399 1.344793
1.209942 0.737355
1.149284 1.348526
1.261714 0.941234
1.033789 1.483337
0.867315 1.624398
1.194146 1.269201
1.153609 1.369924
1.206281 0.708435
1.187178 1.300965
1.239142 0.781969
1.122411 1.381856
1.253124 1.061389
1.004900 1.524000
1.199863 0.662571
1.222540 0.748710
1.079635 1.427096
1.202149 1.269106
1.171396 1.329263
0.925528 1.587248
1.216961 1.229146
0.964750 1.560651
1.212267 1.263400
0.825501 1.624166
1.098552 1.432640
1.250810 0.789142
1.247921 1.070515
0.911280 1.599820
1.259345 1.068980
1.247699 0.860276
1.220532 1.215408
1.246623 1.124069
1.143097 1.368995
1.229730 1.171512
1.266564 0.934017
1.234339 1.138031
1.254915 1.141470
0.857218 1.615034
0.767828 1.653729
1.130371 1.384320
1.220063 0.726952
1.041873 1.495272
1.077052 1.443031
0.946773 1.572998
1.262797 1.071621
1.199480 0.694510
1.141048 1.368214
1.231803 0.771334
1.009395 1.533987
0.977928 1.555342
1.236104 1.138253
0.806664 1.639709
1.263178 0.853039
0.820368 1.640180
1.223195 1.209370
1.021765 1.504070
1.017487 1.501035
0.775428 1.642780
0.783673 1.640324
1.187595 0.686373
1.191694 0.638325
1.169492 1.290052
1.198253 0.666239
1.096632 1.425387
1.200518 1.278833
1.096494 1.423085
1.241877 1.177522
1.256698 0.948680
0.810941 1.637283
1.044367 1.486299
1.180692 0.620232
1.217830 0.747141
1.139934 1.397198
1.261562 0.977145
1.238041 1.132833
0.985067 1.533882
1.256096 1.083966
0.832620 1.637363
1.046851 1.488888
1.199589 1.303013
1.241184 0.854827
1.243732 1.135106
1.014170 1.520258
0.765768 1.660572
1.208831 0.704153
1.223511 0.778923
1.041729 1.486242
0.937935 1.582549
1.225386 0.744577
0.948377 1.582321
0.981799 1.530127
1.095600 1.453931
1.259093 1.044392
1.245113 1.184725
1.258133 1.077343
0.930941 1.573190
1.258902 1.037045
1.256025 1.019851
0.828962 1.624320
0.852129 1.638032
0.770486 1.661779
0.958245 1.564174
1.214662 0.735814
1.212425 0.739564
1.176599 1.327084
0.919366 1.579768
0.884314 1.599234
1.122404 1.412978
0.811110 1.644005
1.236532 0.809987
1.276007 0.896410
1.246993 1.027990
1.251677 0.951750
1.258366 1.007413
1.235298 0.776010
1.250771 1.087416
1.192877 0.668720
1.173392 1.279875
0.826635 1.641641
1.234394 1.169516
1.122095 1.384543
1.150032 1.374507
0.810827 1.644947
1.050893 1.500834
0.937667 1.560265
1.256507 1.044950
0.870067 1.606843
1.245798 0.850988
1.238770 1.130806
1.022057 1.496226
1.256181 1.042151
0.887021 1.603611
0.906766 1.592266
1.243006 0.827300
1.244496 0.901647
1.207256 0.689664
0.916862 1.577472
1.253607 1.047293
1.246654 1.114608
1.273924 0.955771
1.230999 0.777684
1.230433 1.196579
1.273641 0.918706
1.169892 1.312098
1.265411 0.867906
1.204717 1.256277
0.824223 1.644958
1.237607 1.091823
0.787731 1.636767
1.212051 0.682608
1.183338 1.303326
1.153934 1.352302
0.795454 1.641772
0.842502 1.627746
1.207121 1.271346
1.022465 1.514216
0.778961 1.650703
1.038767 1.508421
0.792302 1.631258
0.821566 1.629396
1.226017 1.232537
1.107440 1.422642
1.246266 0.836475
1.229116 1.170544
0.893376 1.601831
1.168016 1.324650
1.239077 0.980377
1.223082 0.748270
1.245123 0.911833
1.245575 0.783224
1.271809 0.927656
1.265508 1.096141
1.196240 0.671442
0.932245 1.572279
1.246819 1.145188
1.163238 1.331221
1.112872 1.387986
1.245612 0.784112
1.217992 0.736235
1.233153 0.815437
0.772951 1.646229
1.228825 0.758292
1.246753 1.158961
0.899931 1.603185
1.164931 1.346974
1.176173 0.648407
0.875305 1.616962
1.254060 1.109433
1.249098 0.834502
1.253844 1.047771
1.145898 1.351613
1.185832 0.689603
1.120770 1.398348
1.137356 1.374615
1.255330 0.912737
1.241614 1.167192
1.229575 0.867901
1.188050 0.660336
1.153835 1.337195
1.221473 1.185359
0.929630 1.563295
1.249738 0.868327
1.222706 1.172400
1.095394 1.425766
1.197095 0.716514
1.257760 1.071456
1.075818 1.450115
1.254942 0.926240
1.255253 1.084455
1.157925 1.329635
1.253568 1.125140
0.891422 1.599283
0.914438 1.585872
0.928270 1.573009
1.226339 1.148886
1.252477 0.858150
1.106714 1.412397
1.236740 1.170512
1.213650 1.254659
1.106086 1.402258
0.824931 1.647898
0.965612 1.553860
1.226161 0.764893
0.853779 1.628340
1.085979 1.447378
1.263740 1.021776
1.034493 1.486139
1.208906 1.224624
