1.022742 0.004957
1.022784 -0.027246
1.023394 0.025476
1.001877 0.114961
0.988986 0.137283
0.945576 0.206001
0.983640 0.149777
0.881433 0.253738
1.019065 0.037268
0.784658 0.295831
1.015395 -0.060749
0.893921 0.250452
0.983427 0.148560
0.941674 0.210260
1.019293 0.001825
1.020966 0.032967
0.826848 0.279731
0.735700 0.304323
1.006941 0.094981
0.881911 0.254656
0.786054 0.294060
0.774695 0.297171
1.020132 -0.029186
1.018223 -0.051403
1.021888 0.017469
0.784052 0.295327
1.022218 -0.022523
0.984087 0.147323
0.741487 0.302019
0.944466 0.203398
0.884086 0.256535
1.008392 0.096458
0.881690 0.256941
0.806517 0.289677
1.013611 -0.067518
0.850071 0.274718
0.722956 0.303649
0.851905 0.273901
1.015157 0.078007
0.830970 0.278006
1.021598 -0.020025
0.972689 0.166254
0.766096 0.300623
1.010933 0.086375
1.012474 0.080455
1.021572 -0.004945
1.018564 -0.067689
0.885509 0.253699
1.020143 0.040702
1.015087 0.071833
0.958772 0.184117
1.021651 -0.046689
0.931813 0.217996
1.024038 0.004850
0.927067 0.220472
0.871760 0.257767
1.018784 -0.023461
0.986774 0.143608
0.879067 0.257775
0.982968 0.147589
1.015095 -0.051149
0.946306 0.201999
0.893081 0.249864
0.951675 0.191128
0.747490 0.303393
0.926623 0.224166
0.770311 0.301549
1.023351 0.001676
1.018802 -0.000901
0.821358 0.283774
0.990076 0.137467
1.023014 0.015828
0.754573 0.300693
0.996856 0.112290
0.851616 0.270279
0.864076 0.266174
0.780623 0.296991
0.910211 0.234931
0.853957 0.272896
0.999272 0.112275
1.013512 0.073986
0.771669 0.298709
0.981112 0.151423
0.733862 0.301889
0.894191 0.252525
0.909562 0.235255
1.020866 -0.012369
0.747373 0.301658
0.976721 0.163745
0.931783 0.220386
0.988815 0.144371
1.016115 0.055668
0.771425 0.295824
0.933302 0.215658
1.015844 -0.075667
0.914044 0.232974
1.007683 0.106954
0.948333 0.196178
0.781371 0.295927
1.000764 0.120067
0.766770 0.296325
0.910867 0.235145
1.013645 -0.069566
0.757345 0.298815
0.878707 0.256741
0.715272 0.302519
1.020920 0.020074
1.022793 -0.001957
0.753281 0.302544
0.877295 0.261669
1.020937 -0.040610
0.847839 0.277360
0.848533 0.273228
0.757504 0.299612
0.872281 0.263698
1.024451 -0.006994
1.017117 -0.066755
1.018419 -0.063019
1.014495 -0.060714
1.016725 0.057679
0.792578 0.296059
0.944086 0.205801
0.937157 0.203441
0.805942 0.290603
1.024078 -0.008835
